{"a1_0": 171.2169998926389, 
"a1_1": 0.017673809954567965, 
"b1_0": 5.851013756922709, 
"b1_1": 0.3142219393023481, 
"a2_0": 26.13473174447362, 
"a2_1": 0.19985211359883104, 
"b2_0": 375.4226914476126, 
"b2_1": 0.04030331026470546, 
"a3_0": 124.05861482875002, 
"a3_1": 0.59639481340742, 
"b3_0": 108.44459596788309, 
"b3_1": 0.16557847579371232, 
"bh_0": 0.5751367996150408, 
"bh_1": 5.920429455360875, 
"bh_2": 0.1538324957161896, 
"ah_0": 1.2629948566559304, 
"ah_1": 216218.20746165363, 
"ah_2": 0.013874750551409274, 
"vShift": -23.552841113057905, 
"vShift_inact": 0.1940724735015973, 
"maxrate": 12.996493113532054}