{"a1_0": 167.48685253475472, 
"a1_1": 0.09174875571274349, 
"b1_0": 5.537450955111864, 
"b1_1": 0.502955876192051, 
"a2_0": 23162.012517077415, 
"a2_1": 0.14828127450021833, 
"b2_0": 433.8056346428809, 
"b2_1": 0.8002275876991375, 
"a3_0": 169.53253885717857, 
"a3_1": 0.4795948576921847, 
"b3_0": 1133.8001151604406, 
"b3_1": 0.3501763592136549, 
"bh_0": 1.7620786815224267, 
"bh_1": 3.63767544410417, 
"bh_2": 0.12204112201874856, 
"ah_0": 4.639693232883573, 
"ah_1": 25236.39754683731, 
"ah_2": 0.03462000046225626, 
"vShift": -19.903605765770727, 
"vShift_inact": 13.664900628263222, 
"maxrate": 9.707077803973862}