{"a1_0": 182.46056136036856, 
"a1_1": 0.36082115478889487, 
"b1_0": 8.352114206467487, 
"b1_1": 0.15296097904480385, 
"a2_0": 19931.661735577858, 
"a2_1": 0.2012377621584958, 
"b2_0": 498.1227477781836, 
"b2_1": 0.48922306561919016, 
"a3_0": 62.11118785304363, 
"a3_1": 1.5315818417451186, 
"b3_0": 699.2433170269896, 
"b3_1": 0.39976382821568596, 
"bh_0": 0.3766338225043042, 
"bh_1": NaN, 
"bh_2": 0.14794326986240852, 
"ah_0": 7.668521838079553, 
"ah_1": 397250.94623225817, 
"ah_2": 0.037725805662450984, 
"vShift": -26.322104988694747, 
"vShift_inact": 1.2514132249701433, 
"maxrate": 2.8813693610039697}