{"a1_0": 156.0063282016801, 
"a1_1": 1.4718989540329193, 
"b1_0": 2.9087171530544573, 
"b1_1": 0.06237855317495, 
"a2_0": 19343.962944357838, 
"a2_1": 0.02764049825517205, 
"b2_0": 189.5926861437827, 
"b2_1": 3.7186586756804574, 
"a3_0": 158.75524568919124, 
"a3_1": 0.16257124455313685, 
"b3_0": 4359.058015304009, 
"b3_1": 0.0750987652229112, 
"bh_0": 2.2530281748939665, 
"bh_1": 9.918412209135383, 
"bh_2": 0.14603829631585752, 
"ah_0": 0.7530251783006805, 
"ah_1": 5472.649575796222, 
"ah_2": 0.04386060535576493, 
"vShift": -27.980556032063756, 
"vShift_inact": 9.676709732952052, 
"maxrate": 1064.131438073359}