{"a1_0": 47.88395304510355, 
"a1_1": 0.580116333776531, 
"b1_0": 2.1736548357107743, 
"b1_1": 0.0736381407276879, 
"a2_0": 11589.631011535717, 
"a2_1": 0.11575919917484359, 
"b2_0": 317.2921388390646, 
"b2_1": 1.300066280406203, 
"a3_0": 260.3693108979363, 
"a3_1": 0.1819905691948297, 
"b3_0": 3613.6839364554876, 
"b3_1": 0.14316250229426114, 
"bh_0": 8.434406038655029, 
"bh_1": 6.544547121753995, 
"bh_2": 0.14512358801027536, 
"ah_0": 1.9718027694081248, 
"ah_1": 45953.40255162975, 
"ah_2": 0.044087424752603, 
"vShift": -24.26233946779172, 
"vShift_inact": 19.212301660453747, 
"maxrate": 554.4854193940364}