{"a1_0": 133.6880815248557, 
"a1_1": 0.15750190164594055, 
"b1_0": 1.5477805645098683, 
"b1_1": 0.0068187654362214314, 
"a2_0": 692.3416303430263, 
"a2_1": 0.41335125591942956, 
"b2_0": 352.0267173066926, 
"b2_1": 1.9175215094639708, 
"a3_0": 246.4143184213077, 
"a3_1": 0.03693051576691639, 
"b3_0": 2299.5510233698656, 
"b3_1": 0.11724423289016316, 
"bh_0": 6.21892751315144, 
"bh_1": 3.2935535272576746, 
"bh_2": 0.15011425989762517, 
"ah_0": 0.8744510900223859, 
"ah_1": 129667.86927240732, 
"ah_2": 0.053474167828359405, 
"vShift": -22.737061316613442, 
"vShift_inact": 20.097026006797172, 
"maxrate": 457.7093669051503}