{"a1_0": 0.16540681819264264, 
"a1_1": 0.005066383213086827, 
"b1_0": 0.6270314013836054,
"b1_1": 0.08263337237927382,
"a2_0": 50077.16110764631, 
"a2_1": 0.12437577049061342, 
"b2_0": 208.8441227148926, 
"b2_1": 1.5316913496039688, 
"a3_0": 96.87390167622796, 
"a3_1": 8.408692325628797e-06, 
"b3_0": 640.5919315366953, 
"b3_1": 0.24654620748932798, 
"bh_0": 0.06049092613139173, 
"bh_1": 0.001666570012147206, 
"bh_2": 0.22270626882583217, 
"ah_0": 0.7959141049540349, 
"ah_1": 81768.8189174333, 
"ah_2": 0.08493256872348842, 
"vShift": -29.156751719202735, 
"vShift_inact": 24.125276556394926, 
"maxrate": 719884070.459955}