{"a1_0": 109.87667115259035, 
"a1_1": 0.6079261865917412, 
"b1_0": 4.113095593538036, 
"b1_1": 0.0016895429443995911, 
"a2_0": 14476.82556036098, 
"a2_1": 0.2256529959703877, 
"b2_0": 164.01836269706186, 
"b2_1": 2.616310409196042, 
"a3_0": 287.61843669903556, 
"a3_1": 0.08506019620282235, 
"b3_0": 2015.836184382626, 
"b3_1": 0.10904828877170832, 
"bh_0": 10.505928535174931, 
"bh_1": 8.876021203632611, 
"bh_2": 0.14530016999117046, 
"ah_0": 3.149343231350516, 
"ah_1": 23349.315592258383, 
"ah_2": 0.04019999923739183, 
"vShift": -28.632365908741107, 
"vShift_inact": 21.594055794626733, 
"maxrate": 11773370.716274362}