{"a1_0": 0.20016108568135493, 
"a1_1": 0.001062057306080822, 
"b1_0": 2.852573771414524, 
"b1_1": 0.47878973821725923, 
"a2_0": 9625.570335693394, 
"a2_1": 0.008583814034756321, 
"b2_0": 421.33450625914634, 
"b2_1": 1.298126493787385, 
"a3_0": 402.25304680211116, 
"a3_1": 0.15964052283282387, 
"b3_0": 3051.732576007426, 
"b3_1": 0.06417576626687892, 
"bh_0": 0.023679719966860108, 
"bh_1": 1.161559715502811, 
"bh_2": 0.44722009759990394, 
"ah_0": 2.624731782227725, 
"ah_1": 24352.91030013184, 
"ah_2": 0.08399920338496607,
"vShift": -31.76378910393356, 
"vShift_inact": 1.9898981489197345, 
"maxrate": 439518092.1825677}