{"a1_0": 76.53693049713668, 
"a1_1": 0.58467481812683, 
"b1_0": 8.862327698663911, 
"b1_1": 0.027795796031250652, 
"a2_0": 3308.274658619428, 
"a2_1": 0.16523236331162441, 
"b2_0": 367.9732263854306, 
"b2_1": 1.3317361363431022, 
"a3_0": 73.19056812685912, 
"a3_1": 0.0661688859750417, 
"b3_0": 2283.2554509507595, 
"b3_1": 0.3337501059568756, 
"bh_0": 0.9630015061711104, 
"bh_1": 4.335694369456647, 
"bh_2": 0.12228161756894262, 
"ah_0": 3.78837998891378, 
"ah_1": 10222.772037890725, 
"ah_2": 0.0343298286662707, 
"vShift": -20.438350564204057, 
"vShift_inact": 6.854888556940034, 
"maxrate": 11.69263400283082}