{"a1_0": 418.24576208132817, 
"a1_1": 0.3720449609907387, 
"b1_0": 2.0770486847636875, 
"b1_1": 0.22909996330404103, 
"a2_0": 27412.691156982422, 
"a2_1": 0.5764854576601492, 
"b2_0": 270.2190074083039, 
"b2_1": 2.127385231227855, 
"a3_0": 332.09225090848645, 
"a3_1": 0.6035104572575214, 
"b3_0": 139.83013051073405, 
"b3_1": 0.2724879430618975, 
"bh_0": 0.5037524698414151, 
"bh_1": 3.955954530095854, 
"bh_2": 0.10032413943194227, 
"ah_0": 4.6488939475974576, 
"ah_1": 9974.897174235135, 
"ah_2": 0.058723844359627665, 
"vShift": -20.29277001925661, 
"vShift_inact": 2.0997366874857146, 
"maxrate": 5.486358933293742}