{"a1_0": 190.06546985816848, 
"a1_1": 0.866341360844602, 
"b1_0": 3.1817435275724484, 
"b1_1": 0.1797666932720414, 
"a2_0": 10752.857233895027, 
"a2_1": 0.3096729051119419, 
"b2_0": 439.95573025519104, 
"b2_1": 2.837183904388915, 
"a3_0": 413.9219734776599, 
"a3_1": 0.09066501592163359, 
"b3_0": 2747.78507120295, 
"b3_1": 0.025723311731907117, 
"bh_0": 7.919984499615688, 
"bh_1": 4.411282666300695, 
"bh_2": 0.1528009419610445, 
"ah_0": 0.7646502286075908, 
"ah_1": 180986.53143078965, 
"ah_2": 0.05314974687147448, 
"vShift": -24.491850165626715, 
"vShift_inact": 20.305932384104505, 
"maxrate": 811.3775517272184}