{"a1_0": 145.3169910688194, 
"a1_1": 0.6892020856372565, 
"b1_0": 0.38672830773824507, 
"b1_1": 0.16650947924561554, 
"a2_0": 16551.333021772734, 
"a2_1": 0.049091612851463774, 
"b2_0": 259.65922911272656, 
"b2_1": 2.8045436864586497, 
"a3_0": 321.70172239261854, 
"a3_1": 0.17665389590962516, 
"b3_0": 3020.9909048322015, 
"b3_1": 0.13197003788859388, 
"bh_0": 4.607724878304812, 
"bh_1": 6.775624011953492, 
"bh_2": 0.2409471679688329, 
"ah_0": 7.7929851680262585, 
"ah_1": 5817.166189708863, 
"ah_2": 0.024443708362379628, 
"vShift": -21.619498121793203, 
"vShift_inact": 4.223380991503497, 
"maxrate": 606.9565956119159}