{
  "a1_0": 502.0628023706877,
  "a1_1": 0.39719989447284576,
  "b1_0": 3.363118237030516,
  "b1_1": 0.22548890273027627,
  "a2_0": 8684.865776944864,
  "a2_1": 0.19029523308395643,
  "b2_0": 9.633532705350362,
  "b2_1": 0.36196830279533987,
  "a3_0": 224.6830260855691,
  "a3_1": 0.0035550343232721125,
  "b3_0": 4610.60168655902,
  "b3_1": 0.0032691294001463665,
  "bh_0": 1.7923264835470731,
  "bh_1": 0.19620936860204985,
  "bh_2": 0.1542552957138221,
  "ah_0": 37.941088908311905,
  "ah_1": 43600.400939319836,
  "ah_2": 0.012407463976142442,
  "vShift": -35.698526725684204,
  "vShift_inact": 17.779904111429936,
  "maxrate": 1025.5341769896756
}