{
  "sh": 8.234866287122408,
  "tha": -35.208634154475895,
  "qa": 4.1798683127478045,
  "Ra": 0.23746480668132397,
  "Rb": 0.10388458517075928,
  "thi1": -52.50110633150077,
  "thi2": -45.148265839309616,
  "qd": 0.8887594949715789,
  "qg": 1.0644274635979323,
  "mmin": 0.013309345316481178,
  "hmin": 0.0067828546579217185,
  "Rg": 0.019784768896062056,
  "Rd": 0.027875290341261016,
  "thinf": -48.05868622994364,
  "qinf": 5.563816307360983,
  "vhalfs": -36.430109684999515,
  "a0s": 0.0003452119777396469,
  "gms": 0.14686575916991199,
  "q10": 2.5500195501772964,
  "zetas": 14.433275422495594,
  "smax": 4.260459343340796,
  "vvh": -48.43595212961188,
  "vvs": 0.12764377518362896,
  "ar2": 1,
  "Ena": 55
}