{"a1_0": 7.3917081233326964, 
"a1_1": 0.020960637742640235, 
"b1_0": 0.36296088733379755, 
"b1_1": 0.16680524810129632, 
"a2_0": 466.03560625002507, 
"a2_1": 0.32567824887881647, 
"b2_0": 476.76246431747546, 
"b2_1": 3.237964775220791, 
"a3_0": 138.3653253992877, 
"a3_1": 0.1294574328268014, 
"b3_0": 3569.9158743150915, 
"b3_1": 0.0872001126087137, 
"bh_0": 2.431699390098816, 
"bh_1": 4.764311256848339, 
"bh_2": 0.12976195895416504, 
"ah_0": 3.640921294365118, 
"ah_1": 5944.063823249113, 
"ah_2": 0.019988765965544244, 
"vShift": -22.94301368173753, 
"vShift_inact": 17.286867168698212, 
"maxrate": 2233.5902391087598
}