{
  "sh": 8.886047186457890,
  "tha": -24.155451306087000,
  "qa": 5.835550042292990,
  "Ra": 0.3380714915775740,
  "Rb": 0.09013136340161400,
  "thi1": -60.488477521934900,
  "thi2": -77.41692349310200,
  "qd": 0.8058343822410790,
  "qg": 0.6693522946835430,
  "mmin": 0.013671131800211000,
  "hmin": 0.008420778920829090,
  "Rg": 0.01854277725353280,
  "Rd": 0.025712394696815400,
  "thinf": -40.114984963535200,
  "qinf": 5.760329120353590,
  "vhalfs": -33.73363659219150,
  "a0s": 0.00036615946706607800,
  "gms": 0.14082624570054900,
  "q10": 2.289601426305280,
  "zetas": 13.419130866269500,
  "smax": 5.941545585888370,
  "vvh": -53.184249317588000,
  "vvs": 0.7672523706054650,
  "ar2": 1,
  "Ena": 55
}
