{"a1_0" : 3.3750990340064755, 
    "a1_1" :0.05585467457141294, 
    "b1_0" :0.4867667325195818, 
    "b1_1" :0.10746388234654232, 
    "a2_0" :462.1603391684878, 
    "a2_1" :0.19690324376846552, 
    "b2_0" :411.24495826450095, 
    "b2_1" :0.09665340147359205, 
    "a3_0" :478.5989244015333, 
    "a3_1" :0.057992233127675874, 
    "b3_0" :283.1015477268562, 
    "b3_1" :0.011491904799943482, 
    "bh_0" :5.212964747827962, 
    "bh_1" :4.016051984891386, 
    "bh_2" :0.14188939827526342, 
    "ah_0" :2.971728525285512, 
    "ah_1" :9692.273035297241, 
    "ah_2" :0.018153388779653987, 
    "vshift" :-16.10721307170014, 
    "vshift_inact" :15.409641120186425,
    "maxrate" :2902.5040631964534
    }