{
  "sh": 5.5416603951281225,
  "tha": -34.1561969460692,
  "qa": 6.697661874582939,
  "Ra": 0.1406979798882286,
  "Rb": 0.17340411007333342,
  "thi1": -46.74055545856852,
  "thi2": -22.607223295673325,
  "qd": 0.9295006983704139,
  "qg": 1.700488437438037,
  "mmin": 0.008324160072329445,
  "hmin": 0.014378950366330438,
  "Rg": 0.014017503632657927,
  "Rd": 0.020213401841860365,
  "thinf": -43.15000953108105,
  "qinf": 6.184589381390593,
  "vhalfs": -79.15535186728215,
  "a0s": 8.885890021607627e-05,
  "gms": 0.1586645372656695,
  "q10": 2.430082707904572,
  "zetas": 13.520829461783979,
  "smax": 0.6332529911373821,
  "vvh": -52.07757480599924,
  "vvs": 1.372639268357396,
  "ar2": 1,
  "Ena": 55
}