{
  "sh": 8.358558450280716,
  "tha": -33.850064879126805,
  "qa": 5.41,
  "Ra": 0.23933332265451177,
  "Rb": 0.0925081211054913,
  "thi1": -62.40165437813537,
  "thi2": -79.6556083820085,
  "qd": 0.661199851452832,
  "qg": 1.2968193480468215,
  "mmin": 0.01193016441163175,
  "hmin": 0.008449935591049326,
  "Rg": 0.015604498120126004,
  "Rd": 0.023204006298533603,
  "thinf": -47.8194205612529,
  "qinf": 5.7593653647578105,
  "vhalfs": -40.89976480829731,
  "a0s": 0.0005226303768198727,
  "gms": 0.14418575154491814,
  "q10": 2.1532859986639186,
  "zetas": 13.403615755952343,
  "smax": 3.5557932199839737,
  "vvh": -55.33213046147061,
  "vvs": 1.4255479951467982,
  "ar2": 1,
  "Ena": 55
}