{"a1_0": 5.354347514211865, 
"a1_1": 0.013002363936911619,
"b1_0": 0.13124285816454653,
"b1_1": 0.12870325766569257,
"a2_0": 64.22418974252012,
"a2_1": 0.036249737113052835,
"b2_0": 2.7734174323086407,
"b2_1": 0.007263992092468743,
"a3_0": 115.6513968365164,
"a3_1": 0.11229015556716275,
"b3_0": 7.420793687790257,
"b3_1": 0.00808671304284176,
"bh_0": 2.8483246745191675, 
"bh_1": 0.4371009736677932,
"bh_2": 0.11724866791740488,
"ah_0": 1.1850361394654818,
"ah_1": 1448.741042763575,
"ah_2": 0.02282854262131471,
"vShift": 4.442774044663301,
"vShift_inact": 3.054623576484263
}