{
  "a1_0": 9.090328600911736,
  "a1_1": 0.011144987169071197,
  "b1_0": 9.255699008849243,
  "b1_1": 0.0016137523402601096,
  "a2_0": 10932.78658636546,
  "a2_1": 0.29192427179674435,
  "b2_0": 15.767473317100103,
  "b2_1": 25.93317454739589,
  "a3_0": 390.30935790084703,
  "a3_1": 0.025356749923664747,
  "b3_0": 46.64622013957142,
  "b3_1": 0.018170036985660443,
  "bh_0": 1.6059822779031636,
  "bh_1": 3.7393826933625283,
  "bh_2": 0.1426405180186169,
  "ah_0": 2.2070454502199075,
  "ah_1": 38282.91375852737,
  "ah_2": 0.08991604167580454,
  "vShift": -8.808787096096369,
  "vShift_inact": -3.981655239131775,
  "maxrate": 36.56718201895245
}