{
  "a1_0": 7.285744152118881,
  "a1_1": 0.08152685120572217,
  "b1_0": 0.1332984704579383,
  "b1_1": 0.045334516352472536,
  "a2_0": 8431.511036053256,
  "a2_1": 0.2004695510223511,
  "b2_0": 45.694393770785396,
  "b2_1": 4.470280778784577,
  "a3_0": 1567.7802919217609,
  "a3_1": 0.15430220692205762,
  "b3_0": 34.37277743053083,
  "b3_1": 0.008406996053669194,
  "bh_0": 4.180223041930371,
  "bh_1": 6.622702072006549,
  "bh_2": 0.07169222684322177,
  "ah_0": 0.6266673057473958,
  "ah_1": 86420.85683719994,
  "ah_2": 0.10029469377934437,
  "vShift": -9.655671472971061,
  "vShift_inact": 1.4755010372501618,
  "maxrate": 4.941617071284247
}