{
  "sh": 7.658035003442848,
  "tha": -10.866460387275694,
  "qa": 6.994608786979726,
  "Ra": 0.3999816176318662,
  "Rb": 0.032459994161685185,
  "thi1": -62.49673951443795,
  "thi2": -77.40549593051492,
  "qd": 0.8039369412388407,
  "qg": 1.4599908719070016,
  "mmin": 0.025586170434191917,
  "hmin": 0.003939985403192649,
  "Rg": 0.019998033380655738,
  "Rd": 0.023897671134315745,
  "thinf": -44.1155771167031,
  "qinf": 6.28402962324634,
  "vhalfs": -15.488372446584215,
  "a0s": 0.00032648446953891604,
  "gms": 0.21541989336789258,
  "q10": 2.6222915524313963,
  "zetas": 10.509429867451512,
  "smax": 10.902782567762866,
  "vvh": -50.28622144302554,
  "vvs": 1.4024145692504253,
  "ar2": 1,
  "Ena": 55
}
