
{
  "sh": 5.592957065021524,
  "tha": -11.750602743874275,
  "qa": 5.41,
  "Ra": 0.3994888778516782,
  "Rb": 0.06940454866111936,
  "thi1": -66.71276444361911,
  "thi2": -77.98323725555565,
  "qd": 0.21192765348993275,
  "qg": 1.8772774806842443,
  "mmin": 0.02856133390485918,
  "hmin": 0.011092316147529334,
  "Rg": 0.01462201143223921,
  "Rd": 0.026028590561607057,
  "thinf": -43.06853111008826,
  "qinf": 8.243477619364711,
  "vhalfs": -37.93117875585497,
  "a0s": 0.0004633732029466548,
  "gms": 0.2466005657502548,
  "q10": 1.5391582444238114,
  "zetas": 4.993862532257029,
  "smax": 13.672179701011997,
  "vvh": -47.96500165314955,
  "vvs": 1.2137870369006865,
  "ar2": 1,
  "Ena": 55
}
