{"a1_0": 104.78855355174372, 
"a1_1": 0.06644997516781687, 
"b1_0": 5.261566157360312, 
"b1_1": 0.4333296857889514, 
"a2_0": 32871.95234017431, 
"a2_1": 0.15524877667965786, 
"b2_0": 445.2058906002243, 
"b2_1": 3.7594137557591023, 
"a3_0": 343.8871650021617, 
"a3_1": 0.5154992105257559, 
"b3_0": 1089.0356622819972, 
"b3_1": 0.41514651879522335, 
"bh_0": 0.7391184855657198, 
"bh_1": 2.078398566970971, 
"bh_2": 0.15148140651016734, 
"ah_0": 1.0460090718822546, 
"ah_1": 77361.2649480339, 
"ah_2": 0.025203569929348524, 
"vShift": -18.409704952528518, 
"vShift_inact": 3.378032554153597, 
"maxrate": 6.204334451476724}