{"a1_0": 325.82132647120443, 
"a1_1": 0.2823364001168773, 
"b1_0": 2.0600534638020545, 
"b1_1": 0.006741533596643143, 
"a2_0": 2733.181770421286, 
"a2_1": 0.31918802152813075, 
"b2_0": 333.9496497287754, 
"b2_1": 1.2450427744838526, 
"a3_0": 200.83277051453084, 
"a3_1": 0.5993153362905674, 
"b3_0": 263.8673987731195, 
"b3_1": 0.2181663577728353, 
"bh_0": 0.5037524698414151, 
"bh_1": 1.6417757853800001, 
"bh_2": 0.18481853346350516, 
"ah_0": 0.04403812666974849, 
"ah_1": 33921.98354506484, 
"ah_2": 0.04558915358587949, 
"vShift": -20.84587866899704, 
"vShift_inact": 0.14965748560416348, 
"maxrate": 9.662637162476162}