{"a1_0": 5.525835976869644, 
"a1_1": 0.0386797348496386, 
"b1_0": 2.1607926527581407, 
"b1_1": 0.02902812310822782, 
"a2_0": 2798.0494435232135, 
"a2_1": 0.28679270567723547, 
"b2_0": 371.28873642113484, 
"b2_1": 0.6560068630072168, 
"a3_0": 105.31276402049836, 
"a3_1": 0.5409329610210727, 
"b3_0": 312.8930164540953, 
"b3_1": 0.1778994245901206, 
"bh_0": 0.7295113632439284, 
"bh_1": 4.74900548848539, 
"bh_2": 0.13442502242110105, 
"ah_0": 2.8338740227181547, 
"ah_1": 77252.47148393965, 
"ah_2": 0.035383529005003723, 
"vShift": -21.301775592151373, 
"vShift_inact": 4.013505166345816, 
"maxrate": 20.980538721558936}