{"a1_0": 1.477814526433131, 
"a1_1": NaN, 
"b1_0": 0.8036876626408171, 
"b1_1": 0.0025732146687779903, 
"a2_0": 420.6989600555271, 
"a2_1": 0.035570635198289735, 
"b2_0": 334.4360152639672, 
"b2_1": 2.090573622150073, 
"a3_0": 187.98818801332968, 
"a3_1": 0.04588407856547343, 
"b3_0": 2624.745677018715, 
"b3_1": 0.09614812211746718, 
"bh_0": 1.14680176395072, 
"bh_1": 10.0, 
"bh_2": 0.1456003107484689, 
"ah_0": 7.39068884463619, 
"ah_1": 253493.1719437468, 
"ah_2": 0.06557058594794697, 
"vShift": -30.939128945867555, 
"vShift_inact": 9.04707875663167, 
"maxrate": 39161325.69160889}