{ 
"a1_0"	:	90.05815365,
"a1_1"	:	0.05742318213,
"b1_0"	:	0.04410879535,
"b1_1"	:	0.141607071,
"a2_0"	:	81.04445303,
"a2_1"	:	0.004729608218,
"b2_0"	:	2.150498261,
"b2_1"	:	0.1860254072,
"a3_0"	:	204.4934202,
"a3_1"	:	0.272371961,
"b3_0"	:	3.650456402,
"b3_1"	:	0.1483735293,
"bh_0"	:	2.452013405,
"bh_1"	:	0.208121179,
"bh_2"	:	0.1353464303,
"ah_0"	:	2.766601886,
"ah_1"	:	720.1849769,
"ah_2"	:	0.01855798264,
"vShift"	:	-8.897389859,
"vShift_inact"	:	-4.377120839,
"maxrate"	:	15089.93451,
"ahfactor"	:	4.601811834,
"bhfactor"	:	1.227101672
}


