{"a1_0": 659.1685017168439,
"a1_1": 5.695977278666114e-05,
"b1_0": 0.0003669367437924287,
"b1_1": 0.005193541457148448,
"a2_0": 11.055289781403385,
"a2_1": 0.24678665064287136,
"b2_0": 170.86012997231376,
"b2_1": 3.6767520401662233,
"a3_0": 490.63778240497334,
"a3_1": 0.2187208209208122,
"b3_0": 1638.1903425802204,
"b3_1": 0.08062200275516626,
"bh_0": 10.160249036004222,
"bh_1": 4.999991702397778,
"bh_2": 0.10586589834988423,
"ah_0": 9.775804143350339,
"ah_1": 7690.791815468842,
"ah_2": 0.0131027806473423,
"vShift": -4.711272404472868,
"vShift_inact": 14.722628157090574,
"maxrate": 8.092649113241984}

