{"a1_0": 519.5133712392507,
"a1_1": 0.10699661468338642,
"b1_0": 0.2179648744243765,
"b1_1": 0.11167884602582176,
"a2_0": 461.66375287474034,
"a2_1": 0.19364882794127192,
"b2_0": 293.7777338906171,
"b2_1": 0.24924502597556775,
"a3_0": 286.03256302985415,
"a3_1": 0.14609256234209672,
"b3_0": 3689.5514966135065,
"b3_1": 0.026855339430239884,
"bh_0": 1.9916053004785705,
"bh_1": 3.516330672211995,
"bh_2": 0.11436838548027381,
"ah_0": 3.954960906919682,
"ah_1": 1567.432764434246,
"ah_2": 0.008150114428914416,
"vShift": -9.04169428886686,
"vShift_inact": 1.1458059921910757,
"maxrate": 346.1396470675741}
