{"a1_0": 135.1439002894518,
"a1_1": 1.1809773214688275,
"b1_0": 0.31099624904148354,
"b1_1": 0.46064654501969604,
"a2_0": 347.2262976718949,
"a2_1": 0.8682375173971439,
"b2_0": 79.88846664249468,
"b2_1": 0.009039566113178663,
"a3_0": 392.65977924368696,
"a3_1": 0.08862614062041274,
"b3_0": 4999.909628336774,
"b3_1": 0.03754335371701317,
"bh_0": 1.4542825431746615,
"bh_1": 3.1851681163868024,
"bh_2": 0.11487458967702735,
"ah_0": 1.8826653903447654,
"ah_1": 927.0797547711534,
"ah_2": 0.01386401176628228,
"vShift": -11.401689505664066,
"vShift_inact": 1.590170886802472,
"maxrate": 1509.9026949133438}